6.133450683021773209e+00
6.133418940360808591e+00
6.133374515262598692e+00
6.133325377813475754e+00
6.133281212008493632e+00
6.133246297187590734e+00
6.133216450067325631e+00
6.133189472634090755e+00
6.133164241610879586e+00
6.133140163953284762e+00
6.133116916302446597e+00
6.133094318010245516e+00
6.133072266268078998e+00
6.133050701591531428e+00
6.133029588887701777e+00
6.133008906844743535e+00
6.132988641929414619e+00
6.132968784926800865e+00
6.132949328983710480e+00
6.132930268479446667e+00
6.132911598374372275e+00
6.132893313868426510e+00
6.132875410201265254e+00
6.132857882568379715e+00
6.132840726073532700e+00
6.132823935727220288e+00
6.132807506453363366e+00
6.132791433107795953e+00
6.132775710508670208e+00
6.132760333441551914e+00
6.132745296712444727e+00
6.132730595148857766e+00
6.132716223608989381e+00
6.132702177047645087e+00
6.132688450470603847e+00
6.132675039005452966e+00
6.132661937895992565e+00
6.132649142479629667e+00
6.132636648271441615e+00
6.132624450900507895e+00
6.132612546161833933e+00
6.132600930027370723e+00
6.132589598618960913e+00
6.132578548245891881e+00
6.132567775414557332e+00
6.132557276809742497e+00
6.132547049315129506e+00
6.132537090052456286e+00
6.132527396318116608e+00
6.132517965693248918e+00
6.132508795941049584e+00
6.132499885133540829e+00
6.132491231577608559e+00
6.132482833900641417e+00
6.132474691021283064e+00
6.132466802215026824e+00
6.132459167152815027e+00
6.132451785888941131e+00
6.132444658989946618e+00
6.132437787530512274e+00
6.132431173216313702e+00
6.132424818455209703e+00
6.132418726467619763e+00
6.132412901470615019e+00
6.132407348803516456e+00
6.132402075172544542e+00
6.132397088929909756e+00
6.132392400361609930e+00
6.132388022083499202e+00
6.132383969486943975e+00
6.132380261208143502e+00
6.132376919653839131e+00
6.132373971437836246e+00
6.132371447681947529e+00
6.132369383940861951e+00
6.132367819483590665e+00
6.132366795545870275e+00
6.132366542547074140e+00
6.132367184722419040e+00
6.132368892795652116e+00
6.132371854358901864e+00
6.132376246121733487e+00
6.132382219141484292e+00
6.132389898305707021e+00
6.132399389214798546e+00
6.132410785558015220e+00
6.132424174109359249e+00
6.132439637416879030e+00
6.132457255164797338e+00
6.132477104929662914e+00
6.132499262743303703e+00
6.132523803580795629e+00
6.132550801800807250e+00
6.132580331555050890e+00
6.132612467104835652e+00
6.132647283101968938e+00
6.132684854818520215e+00
6.132725258314762229e+00
6.132768570608742920e+00
6.132814869787631906e+00
6.132864235130805142e+00
6.132916747204537167e+00
6.132972487948029183e+00
6.133031540761633593e+00
6.133093990590881006e+00
6.133159923970047167e+00
6.133229429118062903e+00
6.133302595982278227e+00
6.133379516298950840e+00
6.133460283659774248e+00
6.133544993543037727e+00
6.133633743389483861e+00
6.133726632628528463e+00
6.133823762737078411e+00
6.133925237288461396e+00
6.134031161978629854e+00
6.134141644699325546e+00
6.134256795545597996e+00
6.134376726888438824e+00
6.134501553394290596e+00
6.134631392070032163e+00
6.134766362302160658e+00
6.134906585883141084e+00
6.135052187050580308e+00
6.135203292519994633e+00
6.135360031497397060e+00
6.135522535698688884e+00
6.135690939392792309e+00
6.135865379374092043e+00
6.136045994992594288e+00
6.136232928142398180e+00
6.136426323254561055e+00
6.136626327274662174e+00
6.136833089652819595e+00
6.137046762327248217e+00
6.137267499705138185e+00
6.137495458692125538e+00
6.137730798727066173e+00
6.137973681911378598e+00
6.138224273197735670e+00
6.138482740673674165e+00
6.138749255948830807e+00
6.139023994552466057e+00
6.139307136261244580e+00
6.139598865209929812e+00
6.139899369527695328e+00
6.140208840481387931e+00
6.140527471165490248e+00
6.140855455279615072e+00
6.141192986994123970e+00
6.141540263616269257e+00
6.141897495055164136e+00
6.142264943802095978e+00
6.142643188335394910e+00
6.143033208848537541e+00
6.143431095255778018e+00
6.143837583026394711e+00
6.144253187830796215e+00
6.144678280655545777e+00
6.145113139580766770e+00
6.145557984375907168e+00
6.146012998723984211e+00
6.146478344078607492e+00
6.146954168388136353e+00
6.147440612199408960e+00
6.147937814169525339e+00
6.148445917935500660e+00
6.148965082770577517e+00
6.149495501716183199e+00
6.150037433347957716e+00
6.150591257868271100e+00
6.151157576498784252e+00
6.151737388691157271e+00
6.152332412720854293e+00
6.152945684453816177e+00
6.153582749716829170e+00
6.154254320795705446e+00
6.154987664805494418e+00
6.155777478825261717e+00
6.156599622474579370e+00
6.157444639131367303e+00
6.158309523481799275e+00
6.159193395551009864e+00
6.160096029632561532e+00
6.161017396580601435e+00
6.161957524880762094e+00
6.162916454890510209e+00
6.163894220877526031e+00
6.164890842283478278e+00
6.165906319437985950e+00
6.166940632378383746e+00
6.167993741560046317e+00
6.169065589322570986e+00
6.170156101422779038e+00
6.171265188389021716e+00
6.172392746728206703e+00
6.173538660076708595e+00
6.174702800371775879e+00
6.175885029081820576e+00
6.177085198507451302e+00
6.178303153156949890e+00
6.179538731183804146e+00
6.180791765889334322e+00
6.182062087255691729e+00
6.183349523520924151e+00
6.184653902748056709e+00
6.185975054391065875e+00
6.187312810828201393e+00
6.188667008844694450e+00
6.190037491040273565e+00
6.191424107156812795e+00
6.192826715291353423e+00
6.194245183008757927e+00
6.195679388302963275e+00
6.197129220443498454e+00
6.198594580660396147e+00
6.200075382693102100e+00
6.201571553182717800e+00
6.203083031920192170e+00
6.204609771943549568e+00
6.206151739499135012e+00
6.207708913868819067e+00
6.209281287068918687e+00
6.210868863433680609e+00
6.212471659101979959e+00
6.214089701399466925e+00
6.215723028152350338e+00
6.217371686926543184e+00
6.219035734214504174e+00
6.220715234580175945e+00
6.222410259772949814e+00
6.224120887823834103e+00
6.225847202133216740e+00
6.227589290554772283e+00
6.229347244504927161e+00
6.231121158072431498e+00
6.232911127164198817e+00
6.234717248688505187e+00
6.236539619755665953e+00
6.238378336942118629e+00
6.240233495587665047e+00
6.242105189136060162e+00
6.243993508539349868e+00
6.245898541698267969e+00
6.247820372967433755e+00
6.249759082698763457e+00
6.251714746856164240e+00
6.253687436661643950e+00
6.255677218310234267e+00
6.257684152727827964e+00
6.259708295377921949e+00
6.261749696123863451e+00
6.263808399129422000e+00
6.265884442815509381e+00
6.267977859853667510e+00
6.270088677203988325e+00
6.272216916206058812e+00
6.274362592694844309e+00
6.276525717175323038e+00
6.278706295038703367e+00
6.280904326822927430e+00
6.283119808526020478e+00
6.285352731967770445e+00
6.287603085159170213e+00
6.289870852649299238e+00
6.292156015717546680e+00
6.294458552308952015e+00
6.296778436581487171e+00
6.299115638173542031e+00
6.301470121597581908e+00
6.303841846488328571e+00
6.306230767880730781e+00
6.308636824070692484e+00
6.311059833846860201e+00
6.313498862356722974e+00
6.315948603158223484e+00
6.318379624645134918e+00
6.320669539778493551e+00
6.322924303760673936e+00
6.325189266228809615e+00
6.327468502684724605e+00
6.329762828331101154e+00
6.332072428130396169e+00
6.334397352096960532e+00
6.336737610721301373e+00
6.339093199290915415e+00
6.341464108733840810e+00
6.343850331346038374e+00
6.346251862993016246e+00
6.348668703186855389e+00
6.351100854316144684e+00
6.353548320837032470e+00
6.356011108729975767e+00
6.358489225245235410e+00
6.360982678837543425e+00
6.363491479184886224e+00
6.366015637231360103e+00
6.368555165218356962e+00
6.371110076695641666e+00
6.373680386527254882e+00
6.376266110876203541e+00
6.378867267201989044e+00
6.381483874246762333e+00
6.384115952038228237e+00
6.386763521893151996e+00
6.389426606427806021e+00
6.392105229577023984e+00
6.394799416618357490e+00
6.397509194203153449e+00
6.400234590394148881e+00
6.402975634697182450e+00
6.405732358115791669e+00
6.408504793184668813e+00
6.411292974022723357e+00
6.414096936371248781e+00
6.416916717645539947e+00
6.419752356967016738e+00
6.422603895203461200e+00
6.425471375001490237e+00
6.428354840805610593e+00
6.431254338880929566e+00
6.434169917311558073e+00
6.437101626009227751e+00
6.440049516690943499e+00
6.443013642854582557e+00
6.445994059747773619e+00
6.448990824305862013e+00
6.452003995096900368e+00
6.455033632235421592e+00
6.458079797293486024e+00
6.461142553187600335e+00
6.464221964062589976e+00
6.467318095145808243e+00
6.470431012604713317e+00
6.473560783372358962e+00
6.476707474979290780e+00
6.479871155350955370e+00
6.483051892616080281e+00
6.486249754884028107e+00
6.489464810027344654e+00
6.492697125445755724e+00
6.495946767829861024e+00
6.499213802910973392e+00
6.502498295215129787e+00
6.505800307803581539e+00
6.509119902022103332e+00
6.512457137237966265e+00
6.515812070589261040e+00
6.519184756726088992e+00
6.522575247563998424e+00
6.525983592036829428e+00
6.529409835855382482e+00
6.532854021282638257e+00
6.536316186900068104e+00
6.539796367405404709e+00
6.543294593398753634e+00
6.546810891198355797e+00
6.550345282655722023e+00
6.553897784983323760e+00
6.557468410597197206e+00
6.561057166962156906e+00
6.564664056445577600e+00
6.568289076172613150e+00
6.571932217885741778e+00
6.575593467807732573e+00
6.579272806525629846e+00
6.582970208895104314e+00
6.586685644016255559e+00
6.590419075249810632e+00
6.594170460278657053e+00
6.597939751018850885e+00
6.601726892702342475e+00
6.605531818201544780e+00
6.609354412723769556e+00
6.613194284951116053e+00
6.617049259637828307e+00
6.620905474020146286e+00
6.624674946585176194e+00
6.628445627253809924e+00
6.632230496284037713e+00
6.636031470992263870e+00
6.639848751771589619e+00
6.643682265364906137e+00
6.647531889671172145e+00
6.651397489061848134e+00
6.655278919986815644e+00
6.659176031761560921e+00
6.663088666489681344e+00
6.667016658831654397e+00
6.670959835797501292e+00
6.674918016575851709e+00
6.678891012435514085e+00
6.682878626651930887e+00
6.686880654457875828e+00
6.690896883023028430e+00
6.694927091435893374e+00
6.698971050715850417e+00
6.703028523838925778e+00
6.707099265809424615e+00
6.711183023748278131e+00
6.715279537039731572e+00
6.719388537521244764e+00
6.723509749724296825e+00
6.727642891181032425e+00
6.731787672798690281e+00
6.735943799307794855e+00
6.740110969798536189e+00
6.744288878349849803e+00
6.748477214767605759e+00
6.752675665439552333e+00
6.756883914322475704e+00
6.761101644084462237e+00
6.765328537404879938e+00
6.769564278475585617e+00
6.773808554701440166e+00
6.778061058650637349e+00
6.782321490266927988e+00
6.786589559393494397e+00
6.790864988634401911e+00
6.795147516615349659e+00
6.799436901678282297e+00
6.803732926080433785e+00
6.808035400764872236e+00
6.812344170770052720e+00
6.816659121372365071e+00
6.820980185057492484e+00
6.825307349430190129e+00
6.829640666182369202e+00
6.833980261264082756e+00
6.838326346407881395e+00
6.842679232179938786e+00
6.847039342740476542e+00
6.851407232534386438e+00
6.855783605122139690e+00
6.860169334408068309e+00
6.864565488517973435e+00
6.868973356608256253e+00
6.873394478887129289e+00
6.877830680148711018e+00
6.882284107103485482e+00
6.886757269796024872e+00
6.891253087367685382e+00
6.895774938384684916e+00
6.900326715909624653e+00
6.904912887402621990e+00
6.909538559440239425e+00
6.914209547115637733e+00
6.918932447807904396e+00
6.923714718810877855e+00
6.928564758091313891e+00
6.933491987155843361e+00
6.938506934742939336e+00
6.943621319711746231e+00
6.948848131214762525e+00
6.954201703918664990e+00
6.959697785768026002e+00
6.965353595588788416e+00
6.971187867668086291e+00
6.977220880439999995e+00
6.983474466454477003e+00
6.989972001021032888e+00
6.996738367232594236e+00
7.003799895464952741e+00
7.011184275988613379e+00
7.018920443846399237e+00
7.027038435777276604e+00
7.035569219550936282e+00
7.044544496669047362e+00
7.053996479963231536e+00
7.063957648174517878e+00
7.074460480139848961e+00
7.085537171837909654e+00
7.097219340643812657e+00
7.109537729285950292e+00
7.122522024359259518e+00
7.136202288255091730e+00
7.150632697710889829e+00
7.166247093615856656e+00
7.182681999197830791e+00
7.199930882647346486e+00
7.218008985747406570e+00
7.236929711727741577e+00
7.256702859805617578e+00
7.277334309873681129e+00
7.298825823765658249e+00
7.321174877140956383e+00
7.344374514799929088e+00
7.368413226286005369e+00
7.393274838065093668e+00
7.418938417928907292e+00
7.445378187264628522e+00
7.472563438128629443e+00
7.500458455399368063e+00
7.529022450108221243e+00
7.558209517677524580e+00
7.587968641273728387e+00
7.618243759196583476e+00
7.648973895056792927e+00
7.680093296133861713e+00
7.711531426522106436e+00
7.743212519072224964e+00
7.775054236608717417e+00
7.806964909621062709e+00
7.838838931597549298e+00
7.870550327434503224e+00
7.901945272574490531e+00
7.932835223409201220e+00
7.962993043193664633e+00
7.992155299503926891e+00
8.020035746687179667e+00
8.046356673967702378e+00
8.070894916064613511e+00
8.093483635768967233e+00
8.113500078442681840e+00
8.131011826849153579e+00
8.146049367843115618e+00
8.158764581896811308e+00
8.169763876760853805e+00
8.178753579834010523e+00
8.186015297659276158e+00
8.192057529253524706e+00
8.196180856760767242e+00
8.197369137952863483e+00
8.197426677287992902e+00
8.197392671436741551e+00
8.197331867559572771e+00
8.197194601722765483e+00
8.197130454773432717e+00
8.196936161879367688e+00
8.196701093487938294e+00
8.196587322360722183e+00
8.196461355840430230e+00
8.196187293997809320e+00
8.196019640738340328e+00
8.195832497126724903e+00
8.195606697671808050e+00
8.195376983100230106e+00
8.195141981459549640e+00
8.194891938439111456e+00
8.194630369594218422e+00
8.194358273978236795e+00
8.194074984324300814e+00
8.193781101116101695e+00
8.193477067451812701e+00
8.193163053070231072e+00
8.192839411569202923e+00
8.192506448948167375e+00
8.192164402517546407e+00
8.191813515967218962e+00
8.191453974151963635e+00
8.191085906913256665e+00
8.190709373184471787e+00
8.190324337595257020e+00
8.189930649009966146e+00
8.189528009461463753e+00
8.189115937362657860e+00
8.188693720276672749e+00
8.188260354320103573e+00
8.187814464596904429e+00
8.187354198822390572e+00
8.186877082428814845e+00
8.186379817475216925e+00
8.185857998394592272e+00
8.185305702992490495e+00
8.184714895151460112e+00
8.184074547379248443e+00
8.183369379678904210e+00
8.182579914225687645e+00
8.181682533766695187e+00
8.180654376702360508e+00
8.179499195015438318e+00
8.178220652019339454e+00
8.176681420679562606e+00
8.174728570714931308e+00
8.172026692541455972e+00
8.167185857467416099e+00
